72 3933 16220 J5
77 3935 16540 J5
72 3924 16220 J8
75 3935 16309 I2
75 3935 16309 I2
76 3996 16338 I10
71 3922 16195 I10
76 3935 16337 H1
76 3935 16338 H1
75 3935 16310 H2
76 3935 16339 H2
76 4000 16339 H5
70 3932 15957 H8
73 3949 16255 H10
69 3910 15897 G8
75 3949 16310 F5
76 3949 16338 F5
77 4000 16540 F6
72 3935 16220 D3
73 3956 16254 D9
73 3958 16255 C10
76 3998 16337 B5
71 3922 16194 B8
74 3995 16287 B7
74 3956 16287 B7
77 4024 16540 B10
72 3904 16220 B10
77 3810 16540 B9
76 3998 16339 B9
71 3932 16196 A3
71 3932 16194 A3
76 4038 16337 A9
73 3957 16253 A7
